# x y theta e a_image b_image R50 flux_auto fluxerr_auto flux_aper fluxerr_aper
1039.930920931728 4.494687827414888 -59.94775397141859 0.36238575164910414 1.7296731853171343 1.6121041868044736 2.0521668070259724 1.3875198732742502 0.029064022316570667 1.7236104698439731 0.08300389938619003
788.2568878131125 4.959647737214584 47.480800884647785 0.6412524346372126 1.3849128951933052 1.062685199389832 4.009916962106718 1.1899417107789407 0.042999612546765535 1.3207610053993994 0.08589983917263666
658.7651903751863 13.597050651877971 32.87751647526693 0.34199165308073204 1.4356822066226407 1.3491148621065525 3.002948155185085 1.0681208131465163 0.04422469932460949 1.2395342049789604 0.10117246726122342
742.3905338554556 18.272825825163533 -26.180112203509605 0.37523877528962635 1.5253978432155764 1.4139342553434355 5.866592265982238 2.196074151823664 0.06011753286690519 2.97053427034006 0.10248712381075765
326.2211572154174 45.03268911182924 39.11290071733948 0.8059978349518068 7.897211692333785 4.674505561760657 4.7728382292611355 451.126235022321 0.12766754022419294 442.027791433418 0.12000656149358471
1487.559856260641 38.94888235240951 10.035582801019979 0.23886270096841197 2.118860971426058 2.0575270461675252 2.5678140119751616 2.891445214636973 0.04735150504422879 3.450680519564905 0.09941307308339106
362.46847339776923 40.560767137021905 -70.87213151366653 0.17538385789151986 1.5306652794017401 1.506940163775304 4.295284301449759 1.6413265559172745 0.06231438226165017 5.635043647555314 0.12129088452659244
111.7477839145745 48.35676637061707 -83.6262927827906 0.7940716645533937 1.534987003123781 0.9330021631492652 4.422663874967205 1.2764334260655217 0.049966545548887464 1.351699501410537 0.10694798369859594
1169.3712833249813 52.44186021878978 70.36102840030533 0.7510077597863265 2.1007723621473193 1.3871260789500797 4.989718063279452 2.024571631593562 0.05927344268428769 2.3010930235714504 0.09939858316750085
608.1098768590381 52.10789544807918 -44.835214764205176 0.38701082450136104 1.3633664252126096 1.2571263302136813 2.5524130566243763 0.9793765914200186 0.03847131114322183 0.719919592349912 0.10605738183871238
926.5346358100569 79.30790571633949 -76.85197792949104 0.6774118287720403 2.785156832546672 2.048772448764436 3.6690457216134176 3.290055954667534 0.053541849012680776 3.5159670043139872 0.10070920251001327
1489.4884780619716 86.70103946215801 -32.060199340608605 0.6051861077928596 1.5299087224110202 1.2179358936909945 3.44284876971171 1.1692989686861814 0.049719644685508116 1.4471868400257493 0.09795703787796196
605.2848215500326 102.22165409838992 -60.81014690370095 0.5850119442156428 3.874269146738413 3.1421278795757193 4.457362060651575 16.938763407870624 0.08377782644721109 17.938290576954635 0.10333465563554912
360.14056573842987 99.05382255647449 2.113659791855911 0.7947094231033011 4.654570194667321 2.8252778413212987 5.4909328722432225 10.035114705741918 0.10616589654239168 10.63525059558685 0.11901408662224564
1247.8996217808603 105.23532822934044 -75.91360236908257 0.34732632914804246 2.819017602099331 2.6435177614662178 3.282954309863844 7.068734680761928 0.05054509768369723 7.458797349476795 0.1002759343301688
1102.2477527538729 114.72303938488838 49.778638546092594 0.482775338899929 2.790775188266042 2.4440052934814624 6.364057268017127 4.464358302035435 0.08519927694129446 4.66077189012478 0.10017105741211128
195.91868885155392 125.42765509358784 -4.474975243221087 0.5349659881620931 5.891083312004946 4.977220736193737 12.092993942694486 21.556030540721643 0.1848545298835668 15.81094085350707 0.10933011309632314
1021.999331349758 137.37991491017843 3.9750208043525266 0.484837281933123 2.685227802302663 2.3485119795878355 3.7044810960684726 3.954624264146167 0.056545347910000876 4.242792581509222 0.10123668961757236
75.41045902666276 144.72455666074885 -75.51590965253307 0.679958548354912 3.798472927998804 2.7852323725351713 5.085153474793698 6.153203819157078 0.07740167176276792 6.460999922467808 0.10003703086498697
477.0243612531434 158.90658269956228 54.374204144564715 0.7645622368704692 6.002835022592087 3.869126771091445 6.116594101533073 28.68398185861103 0.10980593380124146 28.909056922481327 0.10964294201388516
666.4416841318999 159.71062958691596 -33.21505295650319 0.8401432573048451 4.5245662635448785 2.453964354267576 5.032308834448952 6.825516956486862 0.06938476497718049 7.230048879325373 0.09832165550142685
446.0700047676274 168.4245045509634 -81.13563728795432 0.6899664144253644 4.56016055601747 3.300832921117965 4.79957346804994 22.853938695854914 0.09339597282585138 24.91543085573702 0.1106957885615845
459.3934607224483 185.201467099485 75.19673819615399 0.6855892434852688 2.5398532806281495 1.848984212142403 4.1519825444579945 2.97011888492392 0.067658293650408 8.284378300568584 0.10777244671675437
765.6891089351477 183.3220422524188 0.8336696203851585 0.5738089465592995 1.763175794411219 1.444021915166775 4.094555464686625 1.6143006291548363 0.052978148075875156 1.7802241079415475 0.09942538529797951
136.37432820876595 184.5824333713275 -63.84995796569114 0.324170080629459 1.4959953987778218 1.415209875156055 3.8124472386081045 1.2867585424841708 0.04866991260226156 1.4876686157026502 0.10156892179695937
203.57897233571072 212.14321809406405 77.92319071360637 0.5154471693361715 1.7631641601836694 1.5108930284008544 2.8836306041905027 1.3900858722902616 0.049307559324377956 2.352885402024677 0.1081144805277454
1483.7043070280545 221.48746324474763 -58.298089942924406 0.7196607758408657 2.1023656276772233 1.4597267737996509 3.6435914213841634 1.7172650844333628 0.05925573645716031 2.182586021130284 0.11288307218740835
176.55201662820917 226.32498183994963 40.14306898077828 0.5804264090666655 1.6123583744679413 1.3129639114546405 4.966811105987548 1.745758585907584 0.05972967741863289 2.1904939681938647 0.10620674722022644
335.5776583058122 236.89451947743694 75.63323928928767 0.612829068692519 2.629103043934742 2.077557969968563 3.875925753380894 3.4610829844132174 0.06868532290792609 3.971368800438934 0.11410947124054369
1452.9727582808841 235.02558494409314 -20.091726117116597 0.13126525498395358 1.2402773031109662 1.2295455329307197 3.188762796953184 0.9672313877800985 0.04941351919353007 1.5344184355939552 0.11815631819432708
652.268536929353 246.30852615164878 76.24454069206224 0.9079469704473776 5.6638664512251555 2.3736418881743306 5.945413737618692 9.019772563401164 0.08068212196654376 9.474519344410739 0.10031507037787216
453.4514862123237 241.14170216704056 -31.161274840809455 0.7160163286857949 2.3174612386663065 1.6177815257748414 3.3807076559038536 1.8763619812263412 0.053447777612220145 2.4193985826576236 0.1064220838880804
721.7544343984925 240.69354131328421 47.254363756524505 0.6663713840870875 1.6307937777995123 1.215952450117775 3.3624932092385342 1.115701358158452 0.0456463163807284 2.9056099902266226 0.10447404663919996
729.0223867585539 249.33300069006506 -84.4198710529757 0.6451479845265324 2.3215834496135366 1.7738235728190155 3.34386107505173 2.2069810631545925 0.049936679527454925 3.00499899711224 0.10524692107904857
808.6769105641048 267.8785271620465 82.48002189664078 0.7463040244022231 2.2860356007978475 1.5215972191566312 5.493298924129464 2.5602524030863494 0.0701982985239542 3.519389403461532 0.1083294576536514
1349.7734670516998 281.3079148497187 18.61051779264804 0.4109871999763764 1.7298906309151747 1.5770394225491888 2.801263506417062 1.2529465062134557 0.04260165215721341 1.379716451255637 0.11848901891013569
97.35813723806311 298.8010551951854 4.141180270927653 0.9083352607588635 10.896369375950787 4.557328224042978 8.00826063060314 313.63163392890283 0.1316649968876065 287.52551265784746 0.10683985506738074
993.3504000709195 283.04411453596873 -75.84834457812381 0.3462231277131415 1.7059355999757695 1.6004272320584492 2.703220770715914 1.321723998548856 0.03955624923035181 1.7269705340888586 0.10637061284649452
639.8795568409838 289.1442672497656 -54.82070466192938 0.5480090396768424 3.5059269863739875 2.932611195034048 7.100512755903589 8.162744767973305 0.1041055324598871 8.60032435316133 0.10411160732245386
313.34330741081897 286.94364295400953 22.45794231649991 0.439617749691083 2.217639370128377 1.9918503435035622 3.1043844711893573 2.399139111770004 0.05433341480561197 2.3064469727195753 0.11660377198662085
484.3554623185215 291.97177743847084 -65.79907516308111 0.7770193803614056 4.09910738519088 2.5802924813516017 5.9516963095325695 9.552462744194717 0.10105701139467962 9.665983498413928 0.10733024358800042
627.5947504602349 298.2183588372106 -17.808074787123896 0.5135787354841861 1.7215629283880627 1.4771741094761044 5.141473427024638 2.0228028639193063 0.059181220174096646 7.623765732803842 0.10437894459529878
454.8968254075904 312.9059742280516 -30.957489236673347 0.8631712968126087 4.996190285294226 2.5226323951376926 7.269602619756357 10.672199130402792 0.12223503926592588 10.293141833581466 0.11471505126044697
1452.5632109334422 322.5342319711975 -42.04768600177108 0.6555327847193949 2.0485387006890194 1.5469882421183234 3.1992314167529097 1.6377201706722953 0.05478410493108306 2.3744017013398446 0.12132330197983486
472.6794578190243 328.42445898463853 -84.72074935145187 0.653105745596695 1.454132494257625 1.1011661442269383 3.4123428075359326 1.1183205054478862 0.04964429891547948 4.379919127045044 0.1154419061438556
541.1889368442278 361.3877146416427 -42.82414632806039 0.23374264726773483 5.322196571780793 5.17476374822632 2.4201083375321004 2279.631732497967 0.10172509392710027 2293.222258589244 0.11091617332631899
1147.4479985879125 329.5725661701407 65.12093738321335 0.27460645847912374 1.8526287577943013 1.7814076001094934 2.9223794875977402 1.781430606061264 0.05138384823905586 2.103792964160787 0.1133090468665988
1238.0479647399357 333.69684339404824 28.203552175071966 0.6533783397478388 2.535988887115305 1.919823560230369 2.8007390367774754 2.9213609221528634 0.05192163208363843 3.3157832843727038 0.11791041631604181
1125.2587183901217 343.5310284613894 -11.00108522134272 0.7244872559034875 2.614468753557474 1.8021224485300418 3.3472395224012295 2.150663364556928 0.04562994234859509 2.4972591810357 0.11428710684701286
699.8622540424618 368.2960946542163 -68.88665083151261 0.7959340006203907 7.8932155722188 4.77842171694697 9.841392374891683 23.246604741710513 0.17155504501749785 20.91601709444047 0.11798484545898608
988.0561827486143 356.98503594900916 -42.795240547071245 0.5891028932325174 2.5424598834281653 2.054455126861288 3.0696886834303427 3.2685392218282447 0.054159695483692726 3.735888049037249 0.11597571018622306
1326.1304062563065 361.31625209041266 -8.995517390046654 0.583386769624492 3.651594278686325 2.965804724631589 4.500515601085537 11.575227677004648 0.09005320143228039 12.234588191466305 0.1206923223273725
637.6041216492382 365.62141182764793 -44.36123214301616 0.4822052159156637 1.1285057391503108 0.9886368095546985 3.4835257921235505 1.031457435516204 0.04606936017690598 2.6813017297582777 0.11629648443852245
1250.5493698209584 370.79842965916475 -65.08248860561632 0.6033007783609804 3.409071154159076 2.718781097493296 4.537250522875756 4.82679510722905 0.0733793242298289 7.650392363736271 0.12044510109254215
614.3676408200325 372.57882331669197 -26.646837887869722 0.8095863054336923 1.46393609634499 0.8593317530430017 3.305695760845011 1.016543635429898 0.045384832154717614 3.050722084016186 0.11601605733751862
1263.0941966300838 374.3920875264749 7.1382729820139845 0.3839835002276492 1.5165101687190292 1.4002544301648137 0.8404671835978006 1.3797164157496764 0.03076004834497724 7.195501856362001 0.12061292832697179
1437.9436255634052 381.2029484147899 -45.72138054783234 0.2996892230939253 2.690627730769749 2.566958087142527 3.3642133026812364 5.6888410623517665 0.06997104949566528 6.9974949188735724 0.12288055153154631
256.7638833502353 383.6822786573946 -62.95526490636197 0.8637662085784799 2.281462825446019 1.1496126527837944 4.202689744559138 1.5475010682962225 0.06275594381653923 3.2179342276663596 0.11839549617842615
1064.4276267516984 390.36209515647096 5.353540636624941 0.5941381453750967 3.22243943167666 2.592011105552388 4.934509136913108 6.1696156151196995 0.09509543473566394 8.963589884924525 0.11982703503577653
1259.2275980862505 388.474661332121 -1.9683171823355197 0.3144366038312137 1.4713190350127592 1.3966914890768085 0.7833032359419474 1.3449708266499731 0.030255366518949132 4.093233894349039 0.1206264449872088
623.2394773455616 392.59706442383214 -67.07994477674768 0.6020740947690442 2.0574617015275125 1.6427601729577574 3.3747850517333235 1.723302976959423 0.05802530964036132 3.139940263210778 0.11832358568134904
1426.9110183863102 403.75659202279 49.660783087543834 0.8623790426545412 4.730615347539977 2.3949362728009156 5.401689686362348 8.115027425625556 0.1008370958675992 8.82710377383031 0.12358567964738046
116.7606415768832 397.50459018308555 0.20845417802621222 0.5760748753376185 1.2903362408114554 1.0547168794059998 4.557492395992527 1.4336203471573374 0.05477249687352805 1.7908304995856636 0.1157074165398359
273.11299114847986 407.646421747315 8.330698174328136 0.7762546521549576 4.823844948423547 3.0410458019651196 4.9964237808228775 18.082151002532697 0.09602817882056257 18.820017493211402 0.11944991209341473
1075.4579462918207 415.4303899372093 52.5544463475309 0.6348160715264315 5.274641510567086 4.075521848168742 6.486713580429198 24.96757427450046 0.13585196893100646 23.894743673210847 0.12087795417196433
1282.7817577930994 413.4383193838635 -38.665711123677795 0.8820666626310572 3.857715213193229 1.8174645938420222 5.879327300775132 3.3420690144883554 0.09389402212464495 3.6080164946117685 0.12065451424750534
192.6203615168869 419.2763861530022 -58.84021457597509 0.5659999138966791 2.1615756498112377 1.7820144204832693 2.8406913125565274 1.9106909066060886 0.04009645724186605 2.031267625540207 0.1153883835932964
1487.436493153406 424.6918871060036 19.77357976852121 0.4614266763336124 2.4528407131053647 2.176107173429473 3.263440754138885 3.68047273757025 0.0692088080794461 4.113744750960833 0.11364869168713897
1077.6549011285288 437.37771951034955 33.65201049081565 0.6585829069566915 2.2074492813474436 1.661123631905111 8.542859920327285 3.9130562928931103 0.09706784021931246 8.564763684031847 0.12099873254526229
1364.547114874432 446.6219524071407 28.12748693839146 0.41535158406332756 4.2620650390309 3.8770341737409004 6.3940297134535005 12.002174911299138 0.12233574651062204 12.019175140178305 0.12377516424873027
797.1466889850866 447.9799922706323 -8.650443052554866 0.8416319375922753 6.560441917954585 3.5429768566470643 7.005779940078748 17.7755271574814 0.12964685025466324 17.75593094439127 0.120577792817619
263.4728200197988 449.2377478293734 -29.072566588768435 0.38275800759421225 1.4897683891700921 1.376320498631294 2.783933643377562 1.0651026897549776 0.046767127480109916 1.62698796973758 0.11830961440648151
1015.7311489883864 456.4330763578032 -18.81210460592606 0.627026879652804 2.265013757294682 1.7644403265301236 2.854813268815281 2.1612293668917175 0.05038907983108237 2.2640441848352597 0.12090345159242016
600.1075618016744 459.44471628573547 7.569307714591424 0.47496920095833267 1.6973061581324276 1.49363352561052 3.3634550600241813 1.5746254415088792 0.05806442962465525 2.121338901525548 0.12094835895763817
969.2410508860863 475.73468972866885 -30.985308912677866 0.8848720002659689 7.4344876369098625 3.4632389299599566 9.893812839125845 15.204853788152644 0.16492436643711436 13.46068029003542 0.12103147706768498
1276.7608518797977 471.6520793980456 77.529221861467 0.4611981225599934 2.6191344226000277 2.323950596233467 6.580198995459251 5.592439751515065 0.102102593801942 7.3717231539016925 0.12320808103103519
673.4201388759885 473.30476000106046 -41.00910884734767 0.33275598746089385 2.083782296089772 1.9650337221692005 4.9874742121128595 2.9953039104662276 0.07902223542028744 10.577116636159962 0.12140404357994632
230.21033077382566 475.1515159118133 -27.650594682548128 0.41772677961984594 1.7931538374487166 1.6292106101888018 2.9823601302164615 1.5969227719407633 0.05460355037096804 2.998529064761663 0.11650239767621264
310.0691877066932 492.3069609895818 79.99478777537018 0.5506077565505755 3.613718777406043 3.0166026937348613 4.311556021687304 9.037473119585012 0.0795582079161818 9.53625621198078 0.12011414723719871
845.8765268326897 489.4177228863826 73.17916894268971 0.46856932772503795 1.8754664605310658 1.6568372001554699 3.2748709644166847 1.640637990394683 0.057169372701060005 2.0302703756426075 0.12128684171693689
1029.7716856783911 491.6549018908891 82.45791321340559 0.5872750882500273 1.4424264493163246 1.1674818001347895 4.089906312665503 1.332489749137281 0.05656174543536131 1.5259823035899596 0.12077858922149452
755.1057868939166 495.52837525203597 -62.821369990635745 0.4266152123238642 1.8237191909429604 1.6494322315063854 3.151354865833354 1.5124556751305005 0.050643193196505044 1.8192277654969249 0.12159159721509215
120.12814265939443 501.21836707963917 -14.656065128271694 0.698519541320118 2.992883489451667 2.1416804286916573 4.350193010079011 3.546562840834322 0.06804587099938289 3.5644011414537897 0.11818261593342576
80.65777131737191 512.0815062267695 -34.39602308344374 0.8834572151897105 4.697245464608437 2.2007151391615776 7.135233985309816 6.546994275235139 0.11708685760180296 6.457991662278876 0.11846381840564932
871.5343944538956 524.4900594124161 -89.0404023452878 0.6676689467485707 2.038973659139152 1.5179308874568436 4.4095000060261595 1.9982340314509117 0.07176787351613094 2.4841622302486224 0.1216231742937387
468.59590412611664 538.0729935491372 22.832600028842457 0.9164029486326322 7.569723395387936 3.0298344904390646 7.217760614169796 18.62427939549992 0.11201312730057009 19.0335020349761 0.1204912019174922
162.36009903002775 536.835084644293 64.25727374067654 0.4303332353539664 1.4100995002082506 1.2728546546101485 3.021517139885761 0.9606480063222534 0.04793292280856106 2.546216951203915 0.11783011737957871
794.9763662247467 548.3922607800827 -4.925490146630688 0.16237934417576363 5.096284273121902 5.02864846089836 6.9097647695802715 22.0871042358266 0.13083919254656723 21.8155866219291 0.12181448347019291
716.4886047287409 540.9924517985522 -28.318543038293466 0.4778151199251256 1.417332368147106 1.2450703887447647 3.509381776592295 1.1540134965698225 0.055090793204549474 1.5112913192285076 0.12160223094447072
763.7789765734118 557.744106977046 -48.34389993190662 0.7165628344625933 3.6835615156624613 2.5693672122673967 3.7448391345816616 9.796117955015076 0.08267903562551362 10.950577388057223 0.12181749841031597
278.81902817894536 576.417347415565 10.712105368419603 0.7613340425753803 9.37074187364779 6.075612654842332 7.764977666028219 209.48293807989916 0.1556956685858324 192.76880450492587 0.1178794169968915
950.6543681951264 575.7836886787476 -52.06184620589016 0.8573658100625671 4.154666794045946 2.13843838966999 4.579339885642778 5.74893742556293 0.07970061476393013 6.082018534825646 0.12141618001728606
209.30907951840757 576.2136804647957 -61.68844457769726 0.6974957283154471 1.259427866943159 0.9024920802244105 3.475884435430772 0.9948337879517593 0.04757460964551144 1.819740034394414 0.11781689200581731
1064.982343736857 584.0107212881923 -74.73041154322597 0.5554779027490722 2.7958414284537296 2.3248296520109064 5.3220116565722435 3.0000085063449804 0.0839766020465072 3.042969808296521 0.12113231243097708
787.8974252707163 594.4369342020289 51.069872464374626 0.4870117005672818 3.316498130973478 2.8966143612542745 4.1265871999694586 7.994913031187622 0.07800039336014916 8.473049904241892 0.12182478105190409
1453.481895001999 594.6188109975355 74.19460086058429 0.6484772931803653 3.163702239933335 2.408317705663253 10.138494971920137 8.30268519444716 0.1253827270402952 8.305435508101016 0.12379301883932178
154.8088849107367 613.6808777407737 -31.68020694956034 0.7897454940187265 4.346708096215957 2.6664213060020727 3.982574260826798 20.454797876369334 0.07132525408150334 21.855590360135434 0.11971957709848512
29.811429405416888 615.4908246620861 38.212840929300484 0.7921813290569542 4.726068147478022 2.8842522191064957 4.0217276041450996 26.029211868677393 0.08238080148008571 27.60333494252261 0.12077960346780807
138.30145882197326 610.4971532728661 47.60052563574938 0.9014911485235488 1.820294213414408 0.7878188544952383 1.8823263546312257 0.8062320648991554 0.025130485886866144 13.683590226324837 0.11991227749407835
229.1156965244213 614.8564801317001 51.29272254367743 0.9072017738345489 4.254914779034395 1.7900247031353669 5.466621071824414 3.576066646672791 0.08868531381566759 3.918717835958107 0.11770480450019155
125.91106419461022 619.9995349208568 -0.2544088294766132 0.9576976374859161 4.266588774184896 1.2278234002399044 2.941266531195941 0.9286212543023488 0.048141520320204474 -3.237504982951636 0.12020828737900519
861.6966581432315 625.2442186664011 82.06149297478039 0.12827714513375799 2.539190913424443 2.5182130313626248 3.921213616026838 4.699633999174451 0.07782172352691957 4.912690456842689 0.12167876483594234
770.9812178059575 628.2090938525228 34.17208052956825 0.655194916200689 3.056281633800324 2.3088981391134404 4.651396638933946 4.281045035132989 0.08127718911049273 4.683667982776942 0.1218977847169852
311.2362208543939 631.3078718481527 -4.221024529698904 0.9388648405638885 1.9312459684010475 0.6649008410942819 4.083194196917657 1.1620982652575789 0.05345055947387704 1.5385880873989075 0.11761778866105128
1256.1415415991696 654.3037424741046 -69.02458300130697 0.4647384740524489 6.6800546126250575 5.914840959036756 5.795677928522578 133.36596866513946 0.14051498992652853 128.88362801786099 0.12168688467511873
571.8380217961238 644.4801906796528 -40.76117047827627 0.5932939270133482 2.740744111574547 2.206260394214967 4.520796374710785 3.764073960174362 0.08298501454770404 4.147734624414644 0.1207802869226449
691.0047631155694 646.951306625983 18.72791462160286 0.6171461851861987 2.7208603448986923 2.140904922861031 4.383071424944705 3.580552044035437 0.07948202130954952 4.080510263574681 0.12225938181693694
729.9033331788297 650.4432596930059 -25.450583068097007 0.7105013199025108 3.0268790651100708 2.130002290573014 3.763469811334305 4.109201293602023 0.0760734670354785 4.469978313601731 0.12213640090126217
182.75687720774002 651.4719826298619 -55.752947205511155 0.9070284468174364 2.441331841221391 1.0279700090663944 4.247319599742304 1.493637233036115 0.06231693232121156 1.9615681052086684 0.11958128891165744
972.3434821985346 654.1943738568607 68.01486217826562 0.5177915431987701 2.860995283569335 2.447600974950007 3.353381552015981 6.727396269938685 0.0667856460331416 7.755057483456289 0.12134702269211191
818.6912617282683 667.2584532715084 74.67888203023531 0.6706480639467481 2.3741617156731407 1.7610954448942475 4.87282995560812 2.4730143619738127 0.0804566733323649 3.528255798081925 0.12182635202823207
976.7762120100384 680.6680656894275 24.83931179992138 0.2869913936330845 1.5154406691711657 1.4516908697654316 5.55284285628479 1.9898552120025443 0.06706498971555469 5.337644067082611 0.12145521431398411
824.6159023851528 681.4712275625996 66.76459899316671 0.3568508532785415 1.5299550699975495 1.4292249269412476 3.0754326863019887 1.266930907714392 0.05340323635140418 2.4725836837051816 0.12183260333595688
960.602597538531 686.7408559114215 -56.62074757958014 0.5571008047174707 2.6188793656128357 2.1748349520985295 4.448659603814527 3.8081967624229653 0.08191564900906402 4.985681031521627 0.12159356569682717
1164.6876817833515 699.0820216143214 21.191689462824986 0.6616593758345857 5.190053035929201 3.891525405894162 7.423436104570464 14.340600336055775 0.1360899713209151 13.598677796272307 0.12142976474859297
1417.7491771753762 699.4667721651907 -54.468759021116796 0.43642366448283343 3.102025261316439 2.791020203590078 5.470280358175257 6.956127591022373 0.10385556961873449 11.512057734246262 0.1213147522675382
279.3675831524673 700.6245931829742 21.315264626200822 0.2928325619441732 1.8089298433886885 1.7296331178064328 2.1110488379898737 1.654922155425771 0.04116334452462998 1.8141416113651219 0.11700098498720471
1401.6334826721043 706.0521607557472 -56.92518074064629 0.5604972243903282 3.2077593441521146 2.656526117918291 4.46091152449667 8.445967504444136 0.09579281383329266 12.643082367033111 0.12087202055851137
352.7705123864866 707.7774381694271 -75.21121344612135 0.18253183931241498 2.408212228354298 2.367754125309416 2.176355535775529 11.53344990372782 0.05133951348776559 15.058968910875977 0.1167602240628197
872.5386872288949 706.8766442408532 86.49814254963667 0.5991444743059037 2.420328201032224 1.9378138219571726 4.7262262478950765 2.8028694245482733 0.08110717741954535 3.6326026092538677 0.12184034313768051
1474.128916935881 713.1989338887469 70.68809847081943 0.9202676109691993 5.499297670906034 2.15181779713061 8.524853063623524 6.255600930778336 0.13531158716035713 5.466481139636516 0.12161312033383226
427.00524374376033 706.5091530801163 -1.1259470598471912 0.5285072234332158 1.1619401048316966 0.9864044238689327 2.1903803128756216 0.7133755297029527 0.03697564402800379 1.2485750453391744 0.11751721620836045
518.3246007100126 714.5856522385708 -64.21269787529172 0.5946076068711563 4.140269266821025 3.3288429037225287 4.718994510792448 14.379884989802601 0.08604819361115418 14.710898955465 0.11982945620014203
185.9306326228158 716.5946312233403 76.14742502325491 0.46829880149242853 1.4069173242196706 1.243110169151452 2.3827337924081777 0.9329766933561765 0.04168230228954899 2.9839924310305195 0.11884892437368443
1383.405313475235 719.1078188245338 65.59799448180141 0.7399135426169002 2.8551040514690085 1.9206341390989374 6.106686979469165 3.721199642051408 0.09526485355126789 5.8590218021990585 0.120363796648824
78.97495560427457 719.6869340501937 -19.42677275523459 0.3170665725712138 2.3416893810543087 2.2208658984281913 2.992714458737856 3.2492422929932587 0.05493622804495234 3.441883575989131 0.12230716444961957
115.76270005736899 718.4025212171302 -5.698418515778489 0.6547813992032975 1.9011486665869084 1.4369229741578293 4.109767667233658 1.7910654815281193 0.06501379405025753 5.217211508605823 0.12189477063104827
368.48882313464344 725.792352063209 -32.690333910873285 0.29345089277092284 4.059699284071164 3.880967568234188 7.04836225879596 9.177939869837603 0.12618848985190448 9.00254653705123 0.11689086964587456
155.16926397218634 757.7223786368608 55.46133582364925 0.621327360215976 12.00000537754258 9.40261729975783 11.53601629108686 289.4257319266445 0.24329244600791403 222.97513371695533 0.12025611157726995
908.7437113493166 733.4050898480515 -34.54382182270723 0.8942434205612295 5.6574084112974825 2.532148218500464 8.187102302462298 8.278816678785596 0.13258635850244965 8.759400949677207 0.12191249832549217
1310.0546236666862 738.4359188394334 27.31967897855959 0.688555347828384 1.8153326716821339 1.316449831590038 3.7021359035458126 1.3320207306275182 0.05768331330379347 1.9447492960465682 0.119669041876728
810.741403614128 752.7734943711739 -46.331885872739406 0.5523077212599328 3.732082954001746 3.111214823355443 6.011855384457578 8.331137801334778 0.11325010263854135 8.597773717897589 0.1220212191255668
1128.293957674812 759.0941622266579 78.4657701923101 0.8792291862745356 7.282018287918992 3.4691464657591244 6.834707484118804 26.84533025910843 0.11989931043774739 26.666063406100083 0.12139959556614749
863.8998562279986 751.7597846761695 75.64820022200892 0.42362877058176335 1.7354082826519754 1.5719951111370472 2.5130798300533588 1.3151196927177993 0.04609836772296904 1.724356405080522 0.12202487359947699
267.72588392571714 756.4502810009244 87.25902157443319 0.6247754072193569 2.2880881770906023 1.7865495792285582 3.0954168369575665 2.2917575936353884 0.05586996484123751 2.52723122954069 0.11699303878502831
92.91326593006404 759.967826656589 2.239928131002778 0.4591752201778514 3.4875898531025915 3.0981855170232606 9.007400544238582 8.858516125514347 0.1370302528682547 8.558696352967779 0.12241402770133604
699.2228396014577 765.2019420527813 -69.58028147752427 0.8213604894350787 4.067752326591591 2.3202843878343185 4.434591323931553 7.191072129940835 0.08279563049961483 8.24169840983209 0.12156143994981268
749.1227079043729 768.131697091817 -83.9514350855434 0.782277411698383 3.2503507965216896 2.0247417162932684 4.150393689762314 3.9162568388567336 0.07565889688537465 4.4123743657614565 0.12200151147035272
215.06252598571297 766.8145241914674 -57.4816394737595 0.8700160070313219 2.4684824842723123 1.217019813895142 4.903172895500177 1.9065872230513188 0.06830340651868584 3.743764232218646 0.11742863672617408
36.995039431973595 772.9319974157912 -8.782676626571302 0.7273641651678456 2.3110248453029487 1.585944687539144 4.162671503416685 2.1760106938533292 0.06982681762040177 2.494652818784737 0.12256198094900597
374.93236075245864 776.5424921141274 -11.420165203599431 0.6621781756684872 1.9454599102428534 1.4578234274336788 3.8158986537051898 1.6767522131829526 0.05889493548955116 9.300189164921074 0.11704993495777034
886.2041170426332 780.1584903467427 37.50102194290719 0.4091473620748121 2.248222988075066 2.051432254273811 5.261125961496586 3.144872330597844 0.08518876452475993 3.84002084256125 0.12217480522018233
1369.5816814080688 795.8713506331442 -29.132727663319855 0.7053599193503951 3.956490758354423 2.804555855395595 6.742215202021837 5.159729741212977 0.10706732102262083 5.018521453067361 0.11939206037050179
688.2673602460263 802.0876978211994 44.53469231131768 0.922810116711051 6.305623843979502 2.429273715274826 6.797357009016089 8.830872955022176 0.10589360853856492 8.949678293305675 0.12125640217540963
180.06359179921807 808.1881283035292 -82.65355765911787 0.8184821106300726 4.189969452910202 2.4072715864377883 8.740275856692588 11.13549571496396 0.1275427671006326 9.88902102825864 0.11908030558268269
597.9554314860601 804.4060283385371 50.31410681524978 0.35890044712231617 1.5458021754242972 1.4428144125390403 2.6540664841567208 1.1683685702683309 0.047720269078405916 1.780736246860494 0.12016117115966483
1199.5103253627872 827.4200330059214 -45.78259506495972 0.7538261717799377 4.188387922710329 2.7520803637531075 4.265492209837428 13.010455572570539 0.08298901932418418 13.815025986585788 0.12109553449024094
677.5270164216157 828.6650109474228 46.06183275127541 0.559172610131339 1.8432721986297786 1.5281671392097733 5.118257413740653 2.2021335785050753 0.07101571513644628 4.171918811285731 0.12097815546783434
821.4332788169519 827.6180344945479 43.61814480334187 0.48591576334678965 1.1196118196565032 0.9785470527913603 2.4407584340109616 0.7038636787267325 0.03962764490437649 1.901337603812129 0.1219401189340159
1037.2373613911736 830.8254909348475 49.06194952630602 0.5185520259832522 2.5202287592683463 2.154911717521226 3.0503127026340597 3.543832386644685 0.05864944671393297 3.8995018057999546 0.12252551263813295
404.1615544700215 843.6716877640679 78.90932692705671 0.657498347854749 4.573912591048864 3.4462418203441048 3.8613756327840902 49.576661349042084 0.08156786433976668 52.09352384802652 0.11743246079261015
209.12717725587942 834.4996225945639 -0.40786038441975503 0.5730834219930044 2.056316436955923 1.6851452244408014 3.1938872866002237 1.7397696286230264 0.05398310464950336 2.383151920877139 0.11853743749676698
1121.7775554249272 844.8744398155918 -44.17328893487939 0.7105910590970603 2.8422396057381167 1.9998147061411091 3.756965750327381 2.8683952354610502 0.06299338724708597 3.1693227356980342 0.12205568473080516
682.9408887051799 846.6215823684024 56.09264059764007 0.8460756856543218 3.096586227626182 1.650674882535933 6.909354550386009 3.46161497250852 0.09469002275715178 3.966400753886732 0.12081064237030498
170.5923454412711 859.207974670296 -45.95151557913266 0.7805428490922184 5.880318760508689 3.675800665589775 5.834257678837773 32.9961843430926 0.12141774867704448 32.994457524568695 0.12102225946425574
1287.745985085024 854.0544677779757 46.88993030171238 0.6406669373224904 1.3972403727474607 1.0728275771614277 4.460530020633962 1.3674341389842937 0.05864222811083178 1.2858778757789318 0.11935948111604802
922.9627947232923 877.7239185874856 32.06371948359959 0.3336527737811767 6.785699028195198 6.396851612288198 8.433360327820038 72.3558241905692 0.1732089877497086 66.79343778783304 0.12235329184945652
1395.3378142816512 866.067479470871 -28.34071484734918 0.5997236230652783 2.4373033541760454 1.9503477124023365 5.368564181819551 3.1090920540100004 0.08425884488807894 3.067612222356966 0.11935966910683828
230.16467263269067 866.1570509892365 -4.142242346630978 0.8103137511974984 2.0028505371465894 1.1736629375839258 4.798096418681812 1.6927907649277794 0.06501761293379181 2.3804366369468375 0.11921495507140227
802.0667463174982 873.1303853599438 82.08067550458925 0.7165038847235401 1.2915845046993706 0.9009875243391723 4.253398505975517 1.2465491398732733 0.051962596972568324 6.492169961053124 0.1213539400043545
788.0625666361383 884.979532431286 -62.37451169276027 0.6352095763886345 3.394498788038215 2.6217065752666255 4.61174384408462 8.436591576864618 0.09795346691638927 9.383366629903378 0.12106602936811964
92.62873988780676 889.5645281228307 -56.50881590619214 0.8266123712789697 5.267112704428642 2.9641819769758864 5.912939291895654 11.706890596398164 0.09991213571382117 11.909254662355416 0.1222004076011822
170.64742380229677 886.2628074947004 89.51445125618321 0.42543008586666636 1.9589700810526591 1.7728508683683042 2.701853970707308 2.058494336040172 0.05655288602803788 4.413864149672597 0.12141209646956988
558.8897377994564 885.3134922918505 -24.751322544921592 0.4666989380598988 1.680051760365448 1.4858650757609162 2.5220116804821826 1.2158163173676195 0.04457245339478161 1.4816682149389 0.11914273959253004
349.65529962744347 895.4980953778064 68.34139006248023 0.6233316577948677 3.003975738482816 2.348981574777444 3.4445514470455474 5.522417736366663 0.06450327409315926 6.038753088157747 0.11734622183912581
1262.516606177319 910.2364894091342 64.61058334057917 0.4407194921068721 1.8255748438928499 1.6387179103419103 3.0294539852201465 1.6595504371884706 0.05334945073928875 1.2015270126044557 0.12012934025709306
475.1102783074942 920.2859553280273 39.7362156299011 0.8555501701274373 5.0030553886979865 2.5901813912850478 4.748689536473405 16.21970309371746 0.08052482230016353 16.777888660338924 0.11887012302107196
278.48250680882313 940.2166214491206 68.52701391277212 0.8065885796188974 2.306180047686251 1.363213561425579 6.618318000189479 2.8889875533270093 0.08687252282927332 13.95677822141443 0.12415826837516226
301.50097831823643 944.9827894282085 10.484724559723716 0.8610572807715716 6.252931904594424 3.179665731959328 5.394642329294581 30.66358169573719 0.10915324087198276 30.860130480917935 0.1219817114248827
444.78971450134395 944.7195510877984 -54.26892457507 0.7763214776333012 1.5809577243364097 0.9965364372627132 3.6273831216430628 1.1096522452992323 0.0533745974428859 1.1329805759618903 0.11880627259871171
1369.2629126621705 960.6052785155473 73.35839437429739 0.44418996110930375 1.3207077490928008 1.1832651678070336 3.155463258688834 0.9552797912823665 0.047794941591278305 1.4014716197375379 0.1198777164842204
1490.7284879216966 965.4225218928036 -20.117096514883396 0.5372811842954925 2.99546394307751 2.526383823989042 3.8420579837780577 4.178057489462185 0.057266902829473575 3.989466244908689 0.10416735674674303
59.73312341770132 982.9619907980348 35.775224997879455 0.5652464432649722 5.959154345332081 4.915838070932197 6.207897138324605 87.64652919904488 0.11840046450400007 87.6899023966863 0.1218024678437563
802.4639682400668 986.168498930859 18.342502632130397 0.7174151508025609 4.201718289147864 2.927109793191627 4.20820203690289 16.566936764022394 0.08466565710624067 17.583304506622085 0.12020953452705162
480.4737565206768 982.5260726343647 14.546531645189308 0.12208075592913514 1.502996962088256 1.4917548012109407 3.0337976976784584 1.2456740554844075 0.05201428575617517 1.3503072245096754 0.11892571963093208
570.9474782256035 993.1396194047878 -25.628904186476838 0.7406421644027773 6.981245490452578 4.690696633503844 8.99432927907168 21.99608456098042 0.15660837592170446 20.240751594531773 0.11894265785278431
1081.7737841936053 987.2848025375802 -85.45254185698124 0.4808999758054236 1.3490282541587413 1.1827948727182338 2.4743063304514274 0.8225504078891078 0.0422467868459768 1.4146184420028738 0.122113881611998
173.96943851811733 990.9965675296144 46.43737502671804 0.5616572411509851 1.402167639917414 1.1601114627467246 2.2879188579941525 0.8085682463439914 0.04037211808069854 0.9115148496800165 0.12644469081268364
1201.754022334309 997.293114911328 -73.83853880104594 0.7685690894120453 2.314766316623492 1.4809106326540884 4.402709884318408 1.8531730464551366 0.06856144371304612 2.174938414329588 0.12132354849182576
1247.6219871907308 1006.7473416030331 -82.75697796660829 0.6476209935160917 1.9402006621896533 1.4783603983230764 2.791238749624727 1.3703697244944346 0.04710662927798825 1.9253918820502542 0.12124896085976859
772.653759554524 1014.3929732203582 -71.2368135604369 0.6167425463174683 3.167594072688894 2.4934189756310507 3.9426227137716263 5.586572855071037 0.07071128630057608 5.84913707555636 0.12006512456284404
1145.3008495502595 1023.3572859744007 -44.56699777764314 0.5102408744496034 1.9566869810949876 1.6828125179290652 2.681114738828484 1.718651758582785 0.049871316750446384 2.2217166479156822 0.12175947116713959
447.92676300102573 1026.7748127469251 -18.347148486910385 0.5298135634759141 2.59940951984853 2.2045959594562943 4.119988807726647 3.9030263863244405 0.07590103820333144 4.525238603242329 0.11808327949669603
1073.3255462701595 1030.4590405260021 -44.989580673627806 0.5505076443689408 3.837595491906017 3.203740314746645 4.868019057480274 8.747408646015025 0.09226707181020588 8.941154505894923 0.1222213909080402
1115.1997518115381 1027.2968513659584 -60.58500218822389 0.7147364406013962 1.5332601087677813 1.072352759643278 3.8306884372278907 1.1968679277899752 0.05587032584236674 1.5296273116420913 0.12214000621192243
367.99985389599965 1028.8079724792035 -62.30109036913496 0.6396400714671396 1.541281847512469 1.1847441457543961 3.456787936911099 1.1676884041429747 0.053405498930191794 1.8765932676114159 0.1210484259261746
109.87839394536879 1030.0016168144366 -67.3924845613321 0.4512588975564612 1.6707867612467584 1.490998542154993 2.40845883657021 1.19961502888536 0.04428188628924499 1.6481632160672244 0.12276587874630565
1251.9899007679305 1031.497317098708 52.521132092148186 0.7384962497348068 2.0964399965904876 1.4135405663964382 4.179316386739674 1.704248798463932 0.06731587681914658 2.675459128954972 0.12141160396851677
1034.523340441829 1036.3550867411755 85.63904610641733 0.6595752841822636 1.3604624941249108 1.0225759972716266 2.798606852764203 0.879643351843284 0.045467362091062204 0.7452459512273083 0.12222888168210518
830.3419069287361 1041.3365137709338 43.89219209718786 0.4790383611801886 1.488491509697264 1.3065888671567174 3.7277848848791693 1.2552559402912367 0.0564904690408703 2.839784833761527 0.12015089765606388
332.26529429097553 1045.7780485555545 -57.6144212518817 0.7619118255004071 1.8478352237457756 1.1968073267614268 3.341841469085881 1.1199529556943 0.05221041753026569 1.6701241733992747 0.12297134255515496
1173.5289497076346 1048.5494773361158 20.84715936225013 0.609633833903643 2.6515384175952783 2.1018298457204665 3.087481611038943 3.4814340544956024 0.05019372200267603 3.7325262143196474 0.1215094317712159
851.3044100611136 1055.3112947051166 27.6328726105023 0.7875135048603656 3.5637972976834424 2.196358992543703 5.5882153851178025 5.3146299392360135 0.09859315608444179 5.516995613277705 0.12018737441176702
210.10299007805614 1057.2899653834097 -65.05611961553866 0.39398504302255777 1.6908455259330775 1.5540846153988028 2.9373548373161453 1.1459104273379879 0.0456110171002103 0.9575454175800271 0.12622387401045795
1071.8926333167024 1061.5146264068223 72.8437141308483 0.725146779731364 2.28519114095968 1.5735696568849944 4.446736584263912 2.0221152401204994 0.07174547237802642 2.9409490823609086 0.12214861528737501
720.563262586952 1071.4857002741157 47.38415374847759 0.6867191198735952 2.2341576372465637 1.6240602685929804 3.5320184157967693 1.7202071316292535 0.05595147882442807 1.5094369751226953 0.12005446831786933
325.60834310003906 1086.8059037953103 85.29630279991336 0.6345904107903254 1.8797045160616588 1.452727066901913 3.1074434816210044 1.3775632725160332 0.05378342164010665 1.5782772899490465 0.12090915711670049
1062.7296179895363 1103.4964895497603 -67.22704335534158 0.5477216712929052 5.813030820786762 4.863533893259178 5.036371112641054 127.6663346336174 0.11366112901892451 129.02998191714101 0.12215948373167812
1483.7949750485197 1091.2954372034517 -11.01566573649538 0.39039794082663737 1.436901373112364 1.3228778062736755 4.152886136768582 1.4075314720537087 0.05936651960919301 2.725165559274703 0.1164772619582348
964.5625859214397 1100.3130462947388 -41.534053437165895 0.799859614783884 2.5298139745564017 1.5183618006674622 4.57658270731482 2.21772360248443 0.07399696707726858 2.5317017824495727 0.12137901571776409
518.7265828078384 1102.0339429604016 -44.85694739938576 0.5196907361472457 1.7762571430013738 1.5175532074906923 5.077817870798726 2.011686302601296 0.07201340126380842 2.6127306875563736 0.11965840259206854
1321.6073856686291 1108.0837044607795 -5.533562521942852 0.25138782725370223 1.7003204039110609 1.6457170622255906 2.655048072276977 1.4191272413857385 0.04637679792644599 1.6207305441091053 0.12195690748093678
1461.0683107764742 1120.236232024362 -44.48571273209068 0.44035290502671964 5.90404480766764 5.3007976761465665 8.426257260921695 23.50762232496448 0.16481955496868458 21.99492745442513 0.12142153374020531
1116.6577111508313 1123.8626074196745 21.880602536518246 0.38840390390126295 2.210588206665612 2.0370332321178557 3.595366210504836 2.6919788177354897 0.06821025009031088 3.3939587876375583 0.12238882821375334
344.92722255313976 1178.7651640040726 -6.128252212040686 0.3588173034262677 10.002056470285455 9.335997641460917 10.513056188214884 185.0107966232862 0.19839111391934133 149.116645027419 0.11490448568587808
1098.379441809472 1163.7616624920547 82.11527134743784 0.6574047245163293 4.380399176915741 3.3007958129122272 7.346795609283317 9.198863324800294 0.13389719494981134 8.7639516019752 0.12254932041778542
1467.5324407470193 1159.483479506949 -6.328975775664053 0.5289331491441381 2.6885461091163227 2.2816709310808627 3.9819609669702936 4.5954715752240975 0.08128343920390822 6.030363320363001 0.12136898803429433
1149.650387232548 1161.0150895545942 83.55231918462384 0.6116181513180524 2.105771890458951 1.665987971457601 2.95667631673666 1.966566937881506 0.060230008581123 2.9249510412546735 0.1224762001395318
1256.1296912687317 1174.9374304866487 -60.43029997750873 0.8249368228943961 4.635884590200059 2.6203176116308278 6.276286032902781 5.908934722642338 0.10324240287361075 5.979991854718474 0.12141028553362407
1049.2892822274082 1170.6235734648587 28.689968910385065 0.5308292533271932 1.6190569563236739 1.3721164344053975 3.0544262581761954 1.1463884593814515 0.05164253900600131 1.7164767790055722 0.12240675768044401
741.3437108575894 1177.4079732672346 2.8971321642602756 0.4873971288211153 3.0162169141680675 2.6337015397403367 3.5752611981088913 7.6917962818799 0.07085091643355697 8.39306916790824 0.1208228637376011
661.1759782942446 1173.8115517090116 45.94303192680721 0.5013233247618909 1.2627765122279377 1.092630046162203 2.6706500377017366 0.8140109874036914 0.04284809234731223 3.2392902808693096 0.12093242494269335
1281.0364023716731 1188.2807234218033 -74.81817223328798 0.6995321253232528 1.7220857743812739 1.2306044772529399 3.4257040377071526 1.3792986782700511 0.056370422501732666 1.9512485036069491 0.12148614766330385
94.76899212118218 1193.4670719652252 -79.24016655734003 0.3477268054399745 2.6771742907698806 2.5101076344448487 3.479902244797383 5.798917295827447 0.07056705281357119 6.573888021288287 0.12227842938282424
664.6795312047989 1192.4072179454663 -14.672051004179435 0.5338359596738539 2.24147626159367 1.8953655648289216 5.255792711758857 2.893390160626554 0.08541038911247015 3.4716437821580373 0.12132953101327132
891.7904258269616 1196.3969123884917 52.26190408952252 0.8666727282164595 3.8936829643228377 1.9424693485323798 12.527548916451673 9.41829783100966 0.14625024148586502 13.60484744738015 0.12088940883921366
142.8315706078443 1197.2362466476345 60.54386490066497 0.2468592050342221 2.0154764619399907 1.9531002008462606 2.058134497977688 3.031682322172321 0.04230418174753485 3.7495449437064483 0.12177692159760724
530.8306452984837 1202.928098853949 -12.60304437769274 0.49829171078354134 3.5068487194087754 3.040470948252784 5.444686146962469 10.323333730159451 0.10619699421250368 10.688427834054986 0.12019247138701415
24.773461942928 1223.0700918202588 -67.94671081980364 0.8484522534266394 6.9397440753126185 3.6730117258226667 6.697158847632293 27.044387919406546 0.12566849200263946 26.274586695357378 0.12255283578104931
759.3792110589068 1211.3346860700735 -52.27229780483498 0.7114093228704124 3.079259128677178 2.1640352609506794 4.7474032204444905 3.821771109388426 0.0860695710673729 4.2834143365113855 0.12089913530954864
1135.4881195442517 1217.775944654457 14.77593894667899 0.7509677442694377 4.548839056747314 3.0037753246363343 5.013917919487356 13.617787294674503 0.10217405667083079 14.428031338395149 0.1226685665322589
280.3911585996837 1226.570777364912 34.525337760245925 0.3363039110140725 5.6329025034727955 5.304805721596627 7.48256880168963 32.58532717267438 0.1548668849385608 29.71108541105111 0.11643170209238914
1317.4079799943095 1230.5937053029272 45.89709025965896 0.47348768565870203 1.1156542461011694 0.9826687485899009 2.3447140801842963 0.6452524016302711 0.03783560647993847 1.3791999157541674 0.12152499694199956
1374.7005512624658 1236.7848649665245 59.94390929381617 0.4600353203759197 2.0539929953132186 1.8237416459295093 3.280559665602715 1.8332958993701658 0.05615616850891964 2.517896809127855 0.12151803560168199
128.15358268025489 1244.7497938239442 -40.413219238022 0.5354125646041878 3.835237600956022 3.239205862789277 4.233731958735912 20.54104134333258 0.09549662263627312 22.30906260090469 0.1219773299563668
892.4617570783063 1239.6074526876193 13.3017206662663 0.5543117024538486 1.740526572114404 1.4486562078378764 3.4270681683222293 1.4318524981358483 0.058170243748390575 2.1965791604382328 0.12081154981386627
1154.770861033596 1248.9142412272386 38.787622901461035 0.6929382505590851 4.846458461148157 3.4942816982191744 6.212798474507938 10.984925920981482 0.1197611525995921 10.878528560214997 0.12268895575935254
587.6780420889436 1244.9251682484958 46.97879733277941 0.46140626589545625 1.8407770332004172 1.6331170689871823 3.417323793097076 1.7054624043205908 0.06138718449191742 2.375659938634814 0.12161992261583927
1120.334974711508 1260.1164509931984 18.000376697788887 0.591591071654498 1.468263521818452 1.1837701105464542 3.9031011403275944 1.2187277100105542 0.05723023168456097 1.6194341126894742 0.1228078847339883
1186.824932690353 1263.3299708343523 68.71894065264135 0.3979870956876716 1.7596536809173546 1.6142904737606765 2.0902719909919227 1.430108781910363 0.03608001444303411 1.5730288985190812 0.12232370821950465
685.3527620797813 1276.3630562905603 -19.290121850786242 0.8136693047506987 3.4537777049557943 2.00777774187763 4.4134369008822025 3.15829772828498 0.08175864285282872 3.5910254259780845 0.12194108475635355
58.67325297550634 1283.6640917604375 24.010641858586492 0.8849030461540794 8.097160175911581 3.7714569390377553 8.779567893975516 20.729779885765563 0.1482917275808163 20.15360891961331 0.12263039588113321
1478.4500758330275 1278.7459007097766 -37.77803422500148 0.5335361896126076 1.8152091253463327 1.535262558340368 3.909272152867544 1.8993340328487704 0.06497349837595759 4.231797681339497 0.12126995700926449
637.1541005993445 1291.114431778471 -82.27052468674084 0.6636340756824518 3.4732573114941228 2.5981956944401943 4.900708201877133 7.66200941461059 0.09858416099258002 8.091069275647463 0.12188094009881285
467.7429054102431 1291.0802760568438 40.871432785337205 0.4434565611343581 2.8217812525622623 2.5291508698194054 4.297107467227877 3.8716110492805256 0.06703771926869648 3.8635230461841625 0.11783611909852146
949.710997345514 1292.4455574152983 -54.80469510506605 0.3817503417382811 1.8801194129735783 1.7377294707364073 2.273236256556889 1.7172496810426554 0.039192843822337016 2.0742650488721615 0.12012024959786204
129.99361562294038 1297.349870577499 23.359528847660904 0.48031738397669477 2.769177312045796 2.4288308982724285 4.6140177519766805 5.494185853939486 0.09207026685020067 6.820581848441593 0.12211152364840155
1390.6766882537147 1307.5602608576899 -4.3381920620347865 0.27843632655217404 2.6765251504436463 2.570681134361539 3.8058499961785914 4.788426189462996 0.07221430560756431 5.181509936360786 0.12146208645298388
1476.998235646328 1304.4778950340176 0.09055682698614564 0.5484206364820128 1.1806416873140553 0.9872556607667492 3.647970798577632 1.0254363552155459 0.04847029784731116 2.913979863749896 0.12127918468860617
783.6220968061996 1337.1409193052223 46.7692821595989 0.7492220068381102 9.895378548605418 6.553896677427668 11.339219266247426 52.71420766950859 0.20187546157897654 44.80874905520034 0.12140679525012983
824.1540499938911 1330.0877990905592 89.23891524448305 0.7601554495027877 3.1197574276178437 2.0270350922528597 4.516335179406915 3.2654598259047116 0.07919717918972943 3.605161556643405 0.12097321945652116
1316.9730600393373 1330.7204887612083 21.02500521784722 0.752551571833374 3.5648015622195377 2.347540602985991 4.111108351549667 5.5594146873098795 0.07899340736690842 6.199286475033775 0.12169331205988036
1239.870684622033 1351.4262926828264 -76.62264501456258 0.8956377744255937 6.703974535700159 2.9818218938009333 8.309129364429133 13.77859414021625 0.14828604495292846 12.87555158554021 0.12316745955091747
257.88714176848384 1349.2444183829 -26.578985514194464 0.7289037842384818 3.3487196860487103 2.292587580070696 4.354714330468479 5.091229770006326 0.07571445465671053 5.141162671608138 0.11760182509951629
314.2266410470446 1352.995876528046 -15.096761330526169 0.8027612950341918 5.4260525335858505 3.23555791567075 5.495627491556887 20.710176968501074 0.09733192212806187 21.235571118507067 0.11623499726535234
98.22571901717208 1359.3154740129414 15.274479482229692 0.47148670881855526 2.250397493500586 1.9845651655372643 3.5909977661632375 2.902911429413499 0.07028881543340508 3.056058521007412 0.122259113515047
429.55987503945954 1365.5239398434012 -2.8096221595544666 0.85386418078003 3.5651903506286873 1.8556668878353177 4.693878311065752 3.787052969029008 0.07295980342394424 4.0873508893277695 0.11649873625815808
1207.3416045537856 1366.5396083505254 -36.784903509399115 0.5758483385815124 2.1419113541762083 1.751133628968832 3.8627946027494353 2.1129896013979 0.06840484002637123 3.0453966728803454 0.12360560310407806
399.907321615208 1378.7400736187242 -88.29861084545828 0.4812928290652421 2.7352692282216435 2.3976272500202658 3.7590551924400244 4.71159405286465 0.06784967937291274 5.476216110900957 0.11596306034111006
746.1009660797945 1389.8065153231457 25.48614644892583 0.8127635503972224 5.437546568303099 3.1678803361913555 7.298876532208873 12.693167489398173 0.1312094920623609 12.166053780958126 0.12227227896504705
352.4636772495847 1393.4406677718307 64.79093983952366 0.5114097100110073 3.9883125385875555 3.4273045991237643 7.646750915905553 9.111978248362295 0.1282644648074417 8.878380029143504 0.11606939603907972
917.4897389107026 1397.4403189562627 82.20186175911685 0.8364602016343449 3.3731095887116593 1.8485574008546188 4.684701626492244 3.2760467125803654 0.08138381402648379 3.905478220311866 0.11939927246889377
1090.292077476339 1401.685766414171 -79.69830394699858 0.736761596709281 2.2738821842151564 1.5374913696617114 3.4632500710468976 1.8107992005178368 0.06492827658237182 1.8925672145085337 0.12273404339976703
1287.3916259497053 1401.97083592412 -22.81502796995253 0.45752671946006435 1.9532241336510365 1.7367988391476594 3.270450770646217 1.8515731536551905 0.05884679946518286 2.1470247677572223 0.1225776139513284
1047.5310844004264 1409.25004934204 88.47652391557683 0.5618810913601687 1.2597197679677656 1.0420628819790567 2.6143989766308886 0.8050110510428785 0.04171536595190258 0.8397074770309314 0.12120193665521548
186.55224794093093 1433.353338549541 7.625862276699962 0.754440484973386 8.465117807672124 5.556236334951097 5.525196882759771 177.93200828726077 0.14512922823197344 167.13842344704054 0.12092992459367882
706.499658585592 1421.7658944689615 79.2819486223026 0.8706843014092522 2.2674895558956454 1.1152472765771086 4.082569558879208 1.327183134163489 0.06047569403464109 1.9822045639449228 0.12230816385864558
283.03201414675164 1439.6863869557849 -49.97135458377998 0.36543086779515016 7.4210494862536995 6.907798443775166 8.745032651614553 90.19268813869041 0.1687776892513951 81.96268105485794 0.1167110378450071
93.801063112617 1426.267977658446 -36.49772045108331 0.4911271207442104 1.7042828985832634 1.48458023240298 3.170156593610904 1.2947411314407566 0.05342059689413799 2.0112644513053786 0.12130718520680549
159.44653362711713 1469.261561885651 80.61776283836832 0.755908030165772 5.032830703115383 3.2948826405667284 6.347362726261826 18.97616730304869 0.1311984345361281 17.96797075511836 0.12077966494224124
1026.465673121707 1459.743958516949 -67.56538693589482 0.8405289251917865 2.377880563665403 1.288256437252953 5.451234178609885 2.1053205845955856 0.07330766546747154 2.4164734227286555 0.12021932773147448
1105.668507372348 1474.030522093493 23.13479499840877 0.6825540245501286 8.933174622022124 6.528677935990654 9.413716211166514 106.97233202915083 0.16933120074240063 98.2012037574183 0.12290364872276195
510.9189216988934 1459.4133733695871 76.94419762094836 0.5516870217156324 1.5029268365871937 1.2535179548572695 2.3791977520570673 0.929103590385874 0.03682328656288807 1.076263524895109 0.11950505855288064
1461.7530017267102 1470.450624601487 -82.02292155629088 0.8193594540623429 2.1873938372109305 1.253989380596021 4.046762975721068 1.5168171465508618 0.06515223791284902 2.665536481257721 0.12130273267531431
468.824024882625 1471.618563444196 -53.12731901419379 0.5561126467861919 2.4149034309070743 2.007042969429626 3.5753128772504423 2.4736042066780666 0.0595451973772993 2.5209321454033757 0.11841961995539019
292.0993764727604 1477.926937746289 -79.93626117073497 0.3860186703691791 2.4281511405567144 2.239947496214116 4.673052425375036 3.7216400843321957 0.08182878076657374 5.09098569939861 0.11646797841629791
913.9191119036541 1483.5505504142075 62.98369305450648 0.5845952952994241 2.688180113584531 2.180987871617182 3.321369324492947 4.3372903650733745 0.06714945551263418 4.965879636242574 0.11497238906245583
530.8855339973805 1493.6621882034015 36.762420296038044 0.8067839075949004 3.863532431191586 2.282755071954079 5.01565930826586 5.069221190888925 0.07638062361852889 5.395985781482102 0.09627772107698773
940.8736369417704 1491.9056497005672 -40.65084051733692 0.43553316369754747 1.801057267842517 1.6212625571322563 3.099220278569471 1.5446828341515795 0.05153768519075462 1.9993604587656633 0.10031299387547159
231.01378581331542 1497.434111345263 0.6279532512987692 0.7443794015722285 1.643609541600818 1.0975316480212907 2.6869951951593447 0.9410947983615584 0.03797946941412874 1.061360405355287 0.08688421378952076
827.7680892332993 1497.2932262533086 3.668399071018098 0.8202746738487975 2.2146478030719874 1.2667116751846847 2.938203585735901 1.6059585281015263 0.044414143154520296 1.7663993015481259 0.08911367512758547
221.42804333658557 136.14426948962736 -48.16271387151823 0.8428298307308426 5.554610649759625 2.989381205973823 9.788040066044887 17.491044017786614 0.15362104703953136 82.36689454927233 0.11022626129371275
232.4121022893838 153.4548492949452 -58.344994515985896 0.7013447174219263 7.805814187062222 5.564158181101354 5.936431359062966 142.77930680868175 0.13424296910886685 135.50323018238208 0.1100904998913376
1288.0703453708556 168.6538189841749 -59.52919958351952 0.8722402636065304 8.58330740021263 4.197903591517356 7.517354047678084 50.919249503473914 0.12770402449596346 50.36957534190151 0.10896820383013021
1302.9915158358483 186.4167731750635 16.675967896292253 0.38239664419762587 4.52217906837853 4.178485644482929 7.11364141547997 14.778114048045953 0.1294608823346468 18.14778621296953 0.11137279301577024
1379.9285855012567 241.35476973352087 70.90251985235105 0.8848886991015099 10.368442682387036 4.829646758468845 8.289268683513422 177.1706655761538 0.14409456843603408 163.29736124865383 0.1165584205320717
1389.1257629895429 276.84951572898115 -81.41458729255439 0.7805608287717477 4.401567353763282 2.7513309686973217 8.386009465324506 6.062922325298414 0.13237117779578295 11.91138811124605 0.1181546749159923
1377.697802908008 311.061553711322 -69.92335713748407 0.6129272031713121 1.8478346286917666 1.460046912283824 4.738103540678303 1.8689880031718829 0.07124388917717758 23.603389603973532 0.11995981021614782
1381.6158444468765 330.93054483180276 77.16765479555134 0.6205860801383868 6.191345485837393 4.854871296149875 6.725458102249602 42.71247553709287 0.12291458668120876 42.511339810013965 0.12054930948969869
406.8276383862095 383.7982206585841 -3.8022890129563787 0.6901202176371998 2.774870432950563 2.0081591528127074 5.529211956495613 3.6647904682628933 0.09457845923390819 23.427466080426676 0.12176983992877163
423.776818503213 390.9941895471432 4.747011193310351 0.7432958582571861 5.051804743998067 3.379469595041466 4.740514487581065 30.052211578854266 0.09644875840784153 31.946457770582 0.1216252014017288
698.6800421676096 485.0425362208534 -71.27956567858286 0.6622864653346917 9.137973367348915 6.84663310295907 11.010687575766335 72.23050083607563 0.20172281645403498 61.76185662045704 0.12157472961831561
715.4192405817136 477.3087923941977 89.63171544547441 0.844432900798417 5.661111119597608 3.0324383939920487 7.967258833488302 14.263176479168347 0.14379443720182639 40.66127515685288 0.12148474735362952
1303.2056917482407 510.4883012353516 7.539488364543494 0.7808229056401428 11.518915785889666 7.196470547413692 9.349397639282996 330.0722342419476 0.2067092385120226 275.24940562044605 0.12368458988386485
1335.5495188256239 525.9579827287521 -41.69795745474317 0.8287195418107128 9.372308661899638 5.2453448277643355 13.977591312161886 49.656957021340105 0.24453652248708996 44.02337793504368 0.12381858930983465
1366.8922693607947 589.2855363072986 30.867486071717984 0.5910537295099463 18.36606876938109 14.814662260479135 12.249657405023951 1338.4088405039704 0.3562355971347948 889.3617139010902 0.12346394966098355
1353.7469716693001 633.725229473168 56.33781892565002 0.7936333550294933 7.259550314251294 4.416683789087744 10.114400582223999 35.35696128954877 0.15971906939532088 65.57333515312605 0.12221483212572586
1336.6565190115293 640.3120604814002 43.07596653764717 0.784453680975839 6.905749617699495 4.282858963279254 7.065582076500252 54.51457778904757 0.17586054715501184 56.42773848723705 0.12195204768863478
602.9241754298369 570.6228842218247 -16.065850589158288 0.6063706684786188 3.7211849993947808 2.959019796481692 4.087344238949603 28.561500008398454 0.08928063282648248 69.22265035999952 0.12118404905940854
600.7841291964297 581.0073788021916 0.6822275121251383 0.6473265968533763 5.244692719065258 3.9975716628622378 5.1245429752498906 50.49443454195974 0.11485128189531582 70.39718483875396 0.12114171953988462
1011.8991929728838 651.6698334672274 -12.040344337735823 0.6618874760062153 4.714153201274818 3.53374436161698 4.8846962095906665 21.1100425673036 0.10392490703063842 23.62882240535002 0.12121413887075728
1011.2536338432772 666.0475204593649 66.69998389407608 0.4215317595326508 2.6241319831999013 2.3795986726542036 5.528021850567532 4.007775162279161 0.09739135071760678 20.302520592021644 0.12124130925319394
928.620767309213 753.4024381324418 -62.98614816477411 0.30730155116406627 3.7785287798670923 3.5956940402298865 8.672803227762856 13.481804814931305 0.14646765657501518 17.829579378980057 0.12195279940010204
918.6885699491536 760.1149609299981 29.30345347602454 0.6975133001652679 3.546371069595078 2.5412296283388156 7.328491124233089 6.88382820948798 0.12499248744599084 16.638052461950103 0.12199600191537834
933.9275262512747 768.6131641142856 1.971459547461953 0.6747051434736074 4.078718496495125 3.0104506180416157 9.206457064115844 11.995491018431931 0.1426655116161931 15.784945929612867 0.12201579076665683
370.77667260465466 759.3232214538904 35.67064657307738 0.685302228409531 4.380278701708264 3.189976438673054 5.06737284999501 13.94208253950836 0.09796900129390454 16.25058511403786 0.1169676371924865
359.12409116580875 763.2425791939961 80.94146056281778 0.6095285205016435 2.176501841089216 1.7254526116667463 4.699410777924814 2.446288623988709 0.07387753143776436 15.495647876754905 0.11675894838520072
958.685746655402 802.4664398601483 -51.05731949950147 0.7752588890062343 9.054282614416744 5.7190797921013505 12.777922615895426 58.87955940432717 0.24715421745160748 40.62559029020554 0.1222438989067414
958.7315408371697 824.8648865500262 35.96930361848336 0.5428195039787432 3.0806859599909355 2.587312202668914 10.876320773628553 10.183156921213733 0.12917275929732364 17.43329869495262 0.12235537606771893
910.6202339953811 835.2164602041734 -31.074825951140518 0.804853142584877 3.1236238459295897 1.8537896178023392 9.994994390345653 6.032320967545966 0.11672089319218726 10.860862288758838 0.12230866664422804
897.3926914796705 847.9197079875034 -45.594981601283486 0.8681757263922059 5.588848187871032 2.773504461112198 7.617086481034879 12.733783251154357 0.13836014538015073 12.362328270689854 0.12226729330879256
987.003385261651 846.4332990379692 3.089117014396246 0.8318253538351712 8.073870596824138 4.481300619074647 8.035192637834053 53.802923226387605 0.16089544420440316 53.77608717605854 0.12252423876838316
983.3139075370459 868.6833839284393 -65.14157273242758 0.5340922329853819 3.876270172848206 3.277100424343593 4.098178283625748 18.687932436301057 0.08659950065337886 25.810228726098508 0.12258326330714307
130.55592362035893 1090.2858212066353 50.91137497053434 0.26237504095196057 2.817060766769747 2.71836779670609 2.1744778211174944 50.02680227986157 0.05961527920490724 58.339838749451786 0.12310433268489264
155.04181251778857 1100.2745173235687 11.583778120306382 0.799707405325702 4.967428234469152 2.9823938809622215 4.614452891166534 30.396589771999345 0.09459069726905288 32.41443219593705 0.12352191227632948
956.7308706144452 1147.704541534625 -21.520625228972925 0.8369546177494739 7.61853584991989 4.169413619681523 15.415692513967432 23.20995644790952 0.24811959549001347 19.700483052778907 0.12138297153145139
899.5191432209763 1156.4146162784052 79.32309141988972 0.7395945293252092 4.425337785012955 2.9784855288840206 12.55967591093581 13.432279288478252 0.17639327802161445 17.992629445123967 0.12086009612406828
939.5272761995242 1180.7240703003872 3.558795317078971 0.7360758693495965 20.136572943213263 13.63042695674606 25.45254174787063 237.00278692320416 0.4366083090242059 90.42509493044707 0.12114673825927229
975.0280787567996 1209.7402776281078 -18.865872535294297 0.8623844316868198 9.076762487742831 4.595147132409714 15.65669441140223 26.215723624332945 0.2708899566664259 20.21419180252407 0.12172014722790821
946.1164612860093 1218.8404205337067 1.0245377974124323 0.575246328921839 8.036529475999018 6.573722250750368 14.932454533398596 34.89863476367965 0.2631271131882626 27.667991939480224 0.12120384105092465
918.7305581776073 1215.527532565137 17.144366662732008 0.84655883025635 8.524211841125263 4.537396782357486 15.978361421449385 30.3871819709967 0.26907513508716324 22.700484401039326 0.1208995961394302
964.365190260161 1237.2309182257309 -56.0346536055563 0.8779561294264449 6.208998187194284 2.972502582954138 8.28701020368224 10.16329808571588 0.14566887295059056 12.09008756089733 0.12137329657482429
192.8675554932007 1272.9967419022628 75.2939114521527 0.3679166221684523 11.738211021920446 10.914878633175823 8.978447036227772 402.35349495709966 0.24222051028825742 311.52197902055605 0.11984120670734182
152.8755251562504 1262.078087366361 -67.84097349553168 0.8347463638665793 6.788220235943575 3.73782921352502 15.703904592051568 28.15391164423029 0.23138517177327814 22.26052978027001 0.12103374097616584
663.9134168990753 1326.6858875259657 42.654207550586094 0.5625825482858122 7.535953430028696 6.230282564723374 8.414063421759758 73.17185926400025 0.1643716510217314 69.25878675497991 0.12187840313034513
640.39473522052 1322.8820033676964 -38.66489113313543 0.8091779631705169 3.1065757885337493 1.825310959395625 5.606041745782393 3.4031846620279693 0.09306565130982039 23.648601301199765 0.12174855326386756
